RADIX=10;
COEFDATA= -0.012130248263925889548597858436096430523, 0.007816521169614324207608468952912517125, 0.028614543132983605994157372265362937469, 0.025568965324293715934977910819725366309,-0.010072765550832519371171613897786301095,-0.05369053556148711825457553459273185581 ,-0.057828301043017019122949307075032265857, 0.011567660634290787002864675514501868747, 0.140953594058704889668831583549035713077, 0.268237947750907146371446287957951426506, 0.32124259874030686168211445874476339668 , 0.268237947750907146371446287957951426506, 0.140953594058704889668831583549035713077, 0.011567660634290787002864675514501868747,-0.057828301043017019122949307075032265857,-0.05369053556148711825457553459273185581 ,-0.010072765550832519371171613897786301095, 0.025568965324293715934977910819725366309, 0.028614543132983605994157372265362937469, 0.007816521169614324207608468952912517125,-0.012130248263925889548597858436096430523;