RADIX=10;
COEFDATA=  0.001623780150148094927192721215192250384, 0.014988684599373741992978104065059596905, 0.021287595318265635502275046064823982306, 0.007349500393709578957568417933998716762,-0.025127515717112181709014251396183681209,-0.052210507359822452833064687638398027048,-0.039273839505489904766477593511808663607, 0.033021568427940004020193498490698402748, 0.147606943281569008563636202779889572412, 0.254000252034505602516389899392379447818, 0.297330876398883392486283128164359368384, 0.254000252034505602516389899392379447818, 0.147606943281569008563636202779889572412, 0.033021568427940004020193498490698402748,-0.039273839505489904766477593511808663607,-0.052210507359822452833064687638398027048,-0.025127515717112181709014251396183681209, 0.007349500393709578957568417933998716762, 0.021287595318265635502275046064823982306, 0.014988684599373741992978104065059596905, 0.001623780150148094927192721215192250384