RADIX=10;
COEFDATA= -0.039284091773773337219477497228581341915,-0.056340500995711889631323288085695821792,-0.067104886423426643449197115387505618855,-0.067102708172518246709792322235443862155,-0.053742135532146913245998831598626566119,-0.027289479132213488588032390680382377468, 0.008832881037821056074976766581130505074, 0.048568915536185544579161899036989780143, 0.084486592120523743010274131393089191988, 0.109470984605957791235830711684684501961, 0.118416942408604689007667332134587923065, 0.109470984605957791235830711684684501961, 0.084486592120523743010274131393089191988, 0.048568915536185544579161899036989780143, 0.008832881037821056074976766581130505074,-0.027289479132213488588032390680382377468,-0.053742135532146913245998831598626566119,-0.067102708172518246709792322235443862155,-0.067104886423426643449197115387505618855,-0.056340500995711889631323288085695821792,-0.039284091773773337219477497228581341915;